0.104626893997
0.0997200012207
0.098541021347
0.100073099136
0.0991261005402
0.099601984024
0.0992040634155
0.100020170212
0.107130050659
0.102154016495
0.099319934845
0.099848985672
0.0991191864014
0.0988881587982
0.0990309715271
0.0995450019836
0.0992271900177
0.0992240905762
0.0989229679108
0.0993709564209
0.0988600254059
0.0989141464233
0.0991809368134
0.098965883255
0.0990130901337
0.0989890098572
0.0989620685577
0.099072933197
0.0992429256439
0.0989549160004
0.0996458530426
0.0988309383392
0.0993568897247
0.0993678569794
0.0987539291382
0.0990309715271
0.098669052124
0.0989120006561
0.0990300178528
0.0988540649414
0.0988631248474
0.0991880893707
0.0991261005402
0.0990190505981
0.0987010002136
0.0989890098572
0.0989701747894
0.0985782146454
0.0987780094147
0.100302934647
0.0989549160004
0.0989191532135
0.0986721515656
0.102097034454
0.0987389087677
0.0988318920135
0.0995988845825
0.0989098548889
0.0994338989258
0.101673126221
0.106634140015
0.101373195648
0.099081993103
0.099310874939
0.101675987244
0.0999751091003
0.0990571975708
0.0996918678284
0.0995829105377
0.0991249084473
0.0987598896027
0.0988929271698
0.0991840362549
0.0989592075348
0.100769996643
0.0994038581848
0.0989689826965
0.0986921787262
0.0991718769073
0.0987169742584
0.098769903183
0.098659992218
0.0987329483032
0.0989210605621
0.0992829799652
0.0986750125885
0.0988059043884
0.0986661911011
0.0987491607666
0.100330114365
0.0986330509186
0.100071907043
0.0985639095306
0.0985720157623
0.0989420413971
0.0985889434814
0.0990319252014
0.0986971855164
0.098620891571
0.0991151332855
