19.8221540451
19.8287510872
19.8164379597
19.8050670624
19.8076198101
19.8065059185
19.8103730679
19.8040950298
19.817471981
19.8037137985
19.7940659523
19.8017690182
19.7997949123
19.8169119358
19.8135428429
19.8192839622
19.8316011429
19.8200979233
19.7955799103
19.8104419708
19.8013529778
19.8260040283
19.8136439323
19.8250041008
19.8081851006
19.8130860329
19.8408441544
19.8193459511
19.8146979809
19.8012878895
19.8056249619
19.821048975
19.8250360489
19.8239331245
19.8143761158
19.818171978
19.8050689697
19.8259730339
19.8305568695
19.8117499352
19.8268969059
19.8112928867
19.9018929005
19.8340890408
19.8597049713
19.8201141357
19.8200640678
19.8141698837
19.8037698269
19.8188619614
