0.059749
0.029486
0.038145
0.033226
0.028279
0.028469
0.028368
0.028434
0.028104
0.035286
0.034876
0.028298
0.033687
0.032396
0.031737
0.028372
0.034523
0.036617
0.032937
0.0303
0.028427
0.033394
0.043589
0.039424
0.032263
0.027833
0.032115
0.02795
0.033111
0.032195
0.02858
0.039497
0.028199
0.032058
0.034241
0.032733
0.029862
0.039015
0.032991
0.033016
0.029144
0.029316
0.034901
0.032791
0.037574
0.034924
0.028702
0.038762
0.033233
0.031456
0.035318
0.032851
0.030979
0.033714
0.028071
0.036829
0.034008
0.03148
0.036824
0.034694
0.02896
0.036723
0.034193
0.029604
0.03606
0.03228
0.029625
0.02864
0.030857
0.033857
0.029156
0.032783
0.02902
0.029426
0.02957
0.034843
0.029964
0.030167
0.030086
0.030673
0.034724
0.034808
0.030704
0.029095
0.035296
0.03044
0.037238
0.042955
0.031204
0.04136
0.030209
0.029192
0.032269
0.035561
0.029796
0.032258
0.03087
0.028721
0.028504
0.035425
