4.99097394943
4.98637199402
4.97791814804
4.9884390831
4.98544597626
4.97841715813
4.97976493835
4.96043086052
4.97351002693
4.98467516899
4.98520898819
4.97696089745
4.97102499008
4.96596908569
4.96347308159
4.97536897659
4.9776301384
4.95714592934
4.9827439785
4.96949791908
4.97190690041
4.96503281593
4.98384404182
4.99010920525
4.98175597191
4.96491289139
4.97182393074
4.96559691429
4.97334504128
4.97823596001
4.98223686218
4.97640585899
4.95953989029
4.96713805199
4.99015402794
4.97683095932
4.9822499752
4.98742699623
4.98238611221
4.97891616821
4.96127414703
4.98801612854
4.97917795181
4.98353791237
4.96875190735
4.9616959095
4.98387384415
4.97465205193
4.98056721687
4.97258996964
