1.33421301842
0.987507104874
0.98664188385
0.987402200699
0.987284898758
0.987051963806
0.987061023712
0.987451076508
0.995759010315
0.987196922302
0.986000061035
0.986253976822
0.990839958191
0.990375041962
0.989722967148
0.98965215683
0.996570110321
0.989443063736
0.989607810974
0.989481925964
0.98962688446
0.989655971527
0.989799976349
0.989338159561
0.989550113678
0.989787101746
0.989853143692
0.98969912529
0.989732980728
0.989722013474
0.989019870758
0.988842964172
0.988763809204
0.988893032074
0.988637208939
0.98885011673
0.989178180695
0.989323139191
0.988898992538
0.989181041718
0.988801002502
0.989198923111
0.988972187042
0.988966941833
0.989494085312
0.987283945084
0.987749099731
0.986881971359
0.987095117569
0.987174034119
