10.0575108528
10.0237898827
10.053691864
10.0218639374
10.0534720421
10.0417330265
10.0138940811
10.0348191261
10.0468029976
10.0340979099
10.0124280453
10.0413360596
10.0313119888
10.0125858784
10.0470180511
10.1300201416
10.0266880989
9.98324584961
10.000166893
10.0016489029
9.97925496101
9.97930216789
9.96752905846
9.94417190552
9.96812987328
9.94816303253
9.9197371006
9.95434403419
9.96638607979
9.95772600174
9.94313097
9.92411994934
9.90676403046
10.0266540051
9.91225504875
9.93186402321
9.93651604652
9.92834210396
9.95073390007
9.94624900818
9.92605495453
9.91981887817
9.92798280716
9.91568112373
9.90926408768
9.90527796745
9.90712189674
9.91800308228
9.90972399712
9.90898299217
