382.813882113
377.950676918
380.517452002
379.327988863
386.748893976
381.489881039
380.307971954
379.216600895
379.623947144
379.066704035
378.488537073
380.549502134
378.881044865
378.450888157
379.459291935
380.096226931
378.399779081
378.429708958
379.080183029
377.570606947
378.642835855
381.313986063
379.14168191
381.027263165
380.305448055
382.074853897
378.187786102
377.883748055
378.928619862
381.029996872
380.179883957
380.825570107
378.02017498
379.028179884
381.360825062
380.443622828
379.157870054
378.700382948
377.625822783
380.21730113
379.45953083
379.529086113
378.995466948
379.644341946
377.678725004
378.371395111
380.902931929
385.844274044
378.248013973
380.635302067
