7.832910776138306
7.596494674682617
7.708598375320435
7.617708444595337
7.593454360961914
7.573055744171143
8.689420938491821
7.572315216064453
8.343724966049194
7.7062668800354
7.620014429092407
8.099834680557251
7.911623477935791
7.5982441902160645
7.6053245067596436
7.890069961547852
7.6365807056427
7.810386657714844
7.840854644775391
7.7895801067352295
7.828855752944946
7.6983747482299805
7.604511260986328
7.734940052032471
8.39622712135315
7.578693389892578
7.620359659194946
7.633877754211426
7.579910039901733
7.6167333126068115
7.571522951126099
7.630330801010132
7.708539962768555
7.896721601486206
7.759068250656128
7.657597064971924
7.709787130355835
8.380024433135986
7.609364748001099
7.6196372509002686
7.572242498397827
7.6643898487091064
7.618542432785034
7.856364011764526
7.70673131942749
9.642468690872192
7.561536073684692
7.673815011978149
7.606528997421265
7.6695709228515625
7.660375356674194
7.695178270339966
7.923292875289917
7.9043121337890625
7.846832752227783
7.888186693191528
7.818830251693726
7.811269044876099
7.888759613037109
7.806664228439331
7.566681623458862
7.5884692668914795
7.6466593742370605
7.611048936843872
7.793463706970215
7.849668264389038
7.679932355880737
7.653839111328125
7.629638195037842
7.601552248001099
7.6612958908081055
7.650461435317993
7.680187225341797
7.7980122566223145
7.6919591426849365
7.62906551361084
7.759321451187134
7.594533205032349
7.658362150192261
7.711984395980835
7.797586917877197
7.936131000518799
7.780544757843018
7.57482123374939
7.895394325256348
7.8769683837890625
7.617656230926514
7.650213718414307
7.604312181472778
7.6829001903533936
7.714684009552002
8.259626150131226
8.898262739181519
7.690758466720581
7.619495630264282
7.654234170913696
7.696367263793945
7.651404619216919
7.6404595375061035
7.613499164581299
