1554.94018698
1552.54495502
1548.02763104
1548.00918221
1541.29839492
1543.56058002
1551.69962406
1549.86470103
1543.03007698
1539.2457459
1540.36462879
1543.06411099
1549.86040998
1553.63628578
1546.51588488
1548.97781897
1545.72857308
1547.1903379
1540.63951015
1547.39959598
1543.98952699
1541.21805596
1546.86407685
1540.96571207
1543.11231685
1548.75885916
1546.15798807
1544.12089205
1538.20303702
1545.53111792
1550.15102601
1543.20816779
1541.35760188
1545.14566803
1544.36773396
1545.62821293
1536.04208708
1545.43752694
1538.9105351
1548.60158205
1540.34534407
1541.72332597
1546.00804615
1543.399297
1540.13059378
1545.88406801
1543.33196998
1547.49482799
1541.78823686
1548.20832205
