76.2330830097
79.5199391842
74.9100902081
74.9095129967
75.45499897
75.2588760853
74.9008131027
76.3121390343
74.8957548141
74.8962979317
74.8990721703
74.8861138821
74.8830840588
76.1338450909
76.1943440437
76.2151510715
76.2422480583
76.2334079742
76.1944489479
76.224905014
76.2258749008
76.1985900402
76.2022950649
76.1911439896
76.1876649857
76.1957662106
76.2004871368
76.2146039009
75.8521199226
75.4476349354
76.5352978706
75.4330759048
75.0671200752
75.0839099884
77.0416200161
75.083947897
75.0230131149
75.805562973
75.0804431438
75.0608918667
75.7987887859
75.0956580639
75.080051899
75.0750861168
75.0617978573
74.8647558689
74.8419439793
75.0048458576
75.2151548862
75.2423200607
