755.406246901
751.362490892
747.38914299
748.234852076
749.800086021
748.534936905
749.452578068
748.652031898
750.270430088
749.261859894
751.256875992
747.610136032
747.536290169
747.744702101
748.03971982
747.386617899
747.892238855
747.665209055
747.849055052
747.937404156
747.815291882
749.401160002
748.695698977
747.396604061
748.57982111
749.4598279
747.33741498
747.723982096
748.413836002
748.641017914
748.614947081
748.025955915
749.436275005
749.633613825
748.686117887
747.164446115
747.984420061
747.572592974
751.164442062
749.590725899
748.349802971
748.087040186
749.299510002
749.493480921
748.650074005
748.313677073
749.853511095
750.493937969
750.820213079
751.615855932
