538.122520924
604.428241014
555.709494829
572.601026058
528.445448875
547.541391134
525.416864157
585.684044123
624.470580101
562.839448929
624.757014036
542.200344086
529.246044159
531.53882122
525.911491156
590.199197054
559.434525967
589.095324039
559.126240015
522.10089922
567.321884155
508.580637932
645.972507
648.065075874
632.027050972
618.308759928
525.762172937
591.808017969
541.797743082
575.387604952
602.443304062
532.302410126
573.745442867
525.108326912
562.144154072
557.767405033
575.507560968
584.161698818
537.295943975
526.207039833
635.233424902
572.379249096
529.38700819
551.871666908
520.276605844
529.06812191
585.675323009
597.990377903
626.162317991
521.078034163
531.48226285
529.01860404
603.572972775
632.921883821
552.615303993
553.194643974
543.593938112
527.922291994
613.956652164
559.487148046
623.243923903
597.730214834
613.627609015
691.217539072
521.236033916
631.182610035
562.152884007
586.2280159
621.620822906
520.283734083
566.196171045
624.462567091
562.803937912
599.717344999
541.74646306
