200.883607149
204.634558916
226.043103933
195.037539005
277.06781888
225.33728981
249.343039036
234.237864971
248.262649059
216.146634102
193.212128162
234.797378063
245.392509937
244.036535025
251.069815159
212.48904705
215.513480186
239.835865974
236.192305088
213.04688096
228.237227917
252.935007095
250.951649904
276.158942938
220.744131804
251.061911106
217.492051125
262.579559088
197.905766964
235.396254063
247.049341917
220.491564989
225.346670151
234.562856913
219.802815914
248.009905815
210.404006958
210.194247961
197.413611889
241.929339886
330.829741001
220.911276102
218.77183485
244.109573126
239.537333012
199.852375031
205.997084856
185.412092924
253.55129385
198.729992867
