136.48647809
156.79599309
70.5947520733
75.3326740265
51.176199913
71.9268438816
85.3770139217
91.7062280178
183.731019974
167.333251953
85.5833361149
183.462154865
137.240000963
76.2239770889
90.4441449642
100.76064682
243.157416105
192.881042957
148.106287003
151.691142082
157.907234907
65.0047290325
162.960700989
60.1465170383
56.3054599762
95.7743930817
95.7459001541
62.2642920017
142.190214157
101.737421036
195.643021107
152.490784883
209.721532106
71.0381689072
67.5480830669
76.2355248928
118.476685047
173.33021903
35.6651611328
200.455631971
218.959316969
78.2125570774
218.599261999
40.01836586
148.190172911
144.263470888
52.0355520248
41.3889200687
57.3933160305
86.0954108238
203.53647995
167.700861931
113.408025026
92.9052200317
167.939950943
193.63140583
127.851350069
211.346020222
65.6028249264
184.939955235
116.731366873
126.265182018
111.685698032
72.1771321297
77.4887580872
60.4833669662
126.091570139
139.535729885
76.8237650394
106.766957998
101.835656881
101.095541954
71.1208240986
83.0610759258
106.511909008
117.439689159
183.065736055
189.493218899
72.0872368813
163.968938112
147.947876215
155.116677046
92.9087209702
76.129188776
138.023714066
143.322458982
113.660749912
86.6666650772
47.5444397926
173.896860838
291.174991846
98.1309299469
143.44469595
241.623632193
76.9677519798
81.5141408443
234.843549967
61.3535549641
96.5079109669
172.149141788
