1050.68254614
1086.40497017
1008.9551549
1020.48985314
1072.02514505
1017.08440495
1024.16417885
938.59591794
998.264405966
980.259820938
1090.17611504
1140.51501322
973.660853148
1004.96777701
1081.80453897
1051.83098197
1040.14001203
1071.61974502
1041.90205193
1080.26319194
1049.29589295
1022.27373099
1116.68447399
1101.45734096
1060.29645586
985.637193918
990.579901934
1066.27137804
1123.19894409
1005.07895184
1018.47792697
1034.47839904
993.586546898
1041.43751693
1051.93583608
1020.72325015
1154.59998298
1011.53528595
991.006732941
975.705681086
1016.09826684
974.955290079
1056.95341802
1039.6393311
1118.74355912
1090.13327909
1196.20190787
1027.07030988
1024.41407299
950.777314186
1037.43501496
1039.16181302
1088.43892193
979.36096406
1075.77823997
1069.39672017
1123.06034708
1031.01152492
1070.481462
1066.72315598
1082.12355304
1040.26420689
1057.27403092
1015.971596
999.859029055
1128.950984
1024.73895907
1090.05335689
1054.45625186
1000.61952806
1053.11006093
1031.9791081
1048.48507714
1021.6987009
1033.56557202
