530.818639994
623.575197935
561.117310047
551.38979888
530.873234034
636.817634106
544.798797846
544.731614113
649.065774202
515.078995943
552.416335821
538.112914085
551.734277964
531.132982969
570.443754911
560.540885925
600.282416105
500.69835186
582.069857836
500.796108007
564.501533985
525.318866014
575.07467103
541.669064999
570.359522104
494.162544966
547.865839958
529.029324055
529.33259201
704.607378006
636.666981936
543.093615055
565.28156209
544.460923195
673.505240202
512.298221827
519.948757887
626.481258869
575.502343893
647.992420912
613.588997841
709.390062094
542.438358068
559.982647896
552.158947229
